572
2132
4936
8855
13839
20629
28525
37929
48712
60712
75639
91648
109189
127811
147820
169857
193281
218461
244874
272874
305993
340227
375558
412341
450575
490885
532510
575384
619934
665982
715372
765875
817837
871499
926635
984192
1043014
1103423
1165675
1229642
1303490
1378155
1454007
1531302
1609912
1689803
1771683
1854877
1939843
2026324
2114238
2205254
2297560
2391590
2486917
2583831
2683094
2783823
2886500
2990626
3096539
3207746
3320268
3434103
3549654
3666792
3786198
3907119
4029505
4153759
4279719
4409197
4540254
4672728
4807094
4943142
5081795
5221929
5363850
5507814
5653765
5817870
5982808
6148933
6316501
6485384
6655564
6827717
7001321
7176568
7353330
7531541
7712830
7895417
8079720
8265336
8452611
8642155
8833173
9026131
