259417
237500
394709
560791
715583
898750
599625
477083
559458
182125
6007917
581708
187000
193417
141625
161959
669292
178792
580958
194959
288291
244667
244542
303333
437792
3712833
431334
383459
233375
242084
253416
253500
268334
1403750
443916
312125
393250
320792
438584
401084
355875
351291
353958
373167
383208
395916
400250
418709
821500
423916
437625
1262042
456042
472667
538250
488250
12503500
533666
481500
506625
478625
522459
541667
524959
548917
535208
569250
611500
575625
581959
577833
587334
592917
638375
617916
624917
619875
657834
845500
670958
664208
770458
958208
785583
692167
714875
750417
818792
748417
768000
767666
776666
771208
787958
800292
810125
816333
828750
829792
884625
